rs_id	LuciferaseP-value	CARMEN	CADD	DeepSEA	Eigen	Eigen-PC	GWAVA-Region	GWAVA-TSS	GWAVA-Unmatch	FunSeq2	EnsembleExpr	ExPecto
rs10030238	9.72E-16	1	1	1	1	0	0	0	0	0	1	0
rs1044503	6.07E-10	1	0	0	0	1	0	1	1	0	1	0
rs4904569	9.04E-08	1	1	1	0	1	0	0	1	0	0	0
rs3734637	1.96E-04	1	0	0	0	0	0	1	1	0	0	0
rs11119843	0.003	1	0	0	0	0	0	0	0	0	0	0
rs1451509	0.002	1	1	0	1	1	0	1	1	0	0	0
rs17779853	0.004	1	1	0	1	1	0	0	0	0	0	0
rs6565060	0.005	1	1	1	1	1	0	0	0	0	1	0
rs1275988	0.015	0	0	0	0	1	0	1	1	0	0	0
rs196067	0.016	1	0	0	1	1	0	1	1	0	0	0
rs2305054	0.064(N)	0	1	1	0	0	0	0	0	1	0	1
rs11263841	0.22(N)	0	1	1	0	0	0	1	1	1	1	1
rs10089107	0.29(N)	1	NP	NP	1	1	1	1	1	1	1	1
rs7783216	0.35(N)	1	1	1	0	0	1	1	1	1	1	1
